0 -5.24726 30.3809 -0.248478 0.00244324 -0.994596 0.0351946 5.53316 1241 
1 -43.3855 50.6706 1.05413 0.0138971 -0.999347 0.0144677 4.99635 198 
2 -59.4257 29.6763 0.195849 0.99884 0.00643041 0.0223288 3.0794 219 
3 -38.4554 34.2829 0.550817 0.998956 0.00768083 0.00996844 4.04093 262 
4 0.830816 -11.158 -0.18834 0.0623254 0.958152 0.203995 0.677639 138 
5 -52.0381 53.33 1.1508 0.999135 0.00634593 0.0267013 3.19187 137 
6 16.8559 30.1672 0.176715 -0.999868 0.0103733 -0.00445838 2.08764 150 
7 -45.5527 27.6974 -0.0452365 0.0397298 -0.994566 0.00999349 6.59249 536 
8 -10.7781 -28.6572 0.719793 -0.0103919 0.993214 0.103463 2.1673 199 
9 -10.1719 -11.2803 0.153838 -0.0054568 0.997518 -0.0166841 3.17567 687 
10 -13.4347 -21.545 0.474427 0.99824 0.0125023 0.0254789 5.99266 424 
11 -28.2872 -11.4849 0.136292 0.043861 0.996867 -0.0202223 2.94364 128 
12 21.3875 -11.7633 0.682332 0.00475727 0.998477 0.0356442 2.22587 148 
13 3.20619 -12.5204 0.31823 -0.999832 -0.0105169 -0.00601313 1.54981 146 
14 -16.768 -11.3783 0.178586 0.0133965 0.991581 0.024045 1.65064 212 
15 58.8317 22.5336 0.738441 -0.0455991 -0.987342 -0.107003 9.61939 191 
16 22.4513 28.2984 0.391385 -0.0320913 -0.994316 0.0111312 2.18474 161 
17 -21.1149 -12.1265 0.142857 0.000523229 0.993583 0.0249179 2.50008 250 
18 13.1071 -11.0899 0.337744 0.00843295 0.999246 0.0117473 0.751171 114 
19 49.2535 22.4738 0.572955 -0.0806999 -0.969946 -0.13183 5.3363 188 
20 9.17678 -11.8548 0.295101 -0.0461243 0.984081 0.0324027 2.83853 772 
21 -6.1044 23.2406 -1.53442 -0.0372178 -0.985469 0.0771545 5.12091 568 
22 -7.83808 -7.54071 0.148325 -0.0860704 0.986617 -0.102851 0.88418 136 
23 -22.2928 23.4993 -1.54376 0.0190163 -0.978248 0.177118 2.90321 189 
24 4.19825 -9.67863 -0.153638 -0.0132627 0.969376 -0.141995 0.810792 212 
25 5.90927 -11.1333 0.464987 0.00206927 0.998267 0.0390869 0.509906 119 
26 4.94948 -9.81302 0.0325426 -0.0132885 0.394394 0.918366 1.22855 100 
27 -8.67632 2.51414 -0.245142 -0.170719 -0.758124 0.0274594 0.776052 117 
28 -20.6334 57.375 0.479924 -0.706533 -0.700057 0.0375553 3.00842 112 
29 -14.1711 23.269 -1.49842 0.000189823 -0.981814 0.0993172 1.87215 193 

