0 71.9421 29.8755 1.54973 -0.997598 -0.0223657 0.0323383 5.09824 203 
1 38.8452 17.5838 -1.38484 -0.0250884 -1.48681e-05 0.99944 24.0429 288 
2 -18.6757 -2.0088 -2.12397 -0.0160882 0.0254527 0.991311 37.4178 2988 
3 -2.7752 55.3875 -2.07343 0.0194684 -0.998556 0.0497186 2.73911 114 
4 18.3457 -7.24159 0.324859 -0.989078 0.00934587 0.0902897 1.10577 289 
5 -12.6455 55.2253 -1.94036 0.0211004 -0.997204 0.0688771 5.13264 122 
6 35.0123 10.1808 -1.10418 -0.0719399 0.0403699 0.99449 7.30418 206 
7 20.6898 -6.2152 0.250859 0.00871568 0.999344 -0.0316696 2.24637 190 
8 -21.2204 20.398 -0.878385 -0.0220651 -0.997552 0.0293925 2.56257 106 
9 27.5314 -5.75796 0.082834 -0.0405873 0.992713 -0.101982 6.52598 185 
10 17.8101 36.1407 0.0985993 0.211359 -0.80997 0.526651 2.20043 146 
11 14.6383 34.559 -0.606811 0.127089 -0.681131 0.688002 2.60533 201 
12 0.501105 -2.19967 0.219635 -0.00185294 -0.000539343 -0.999998 0.332438 114 
13 46.6013 35.4679 -1.06637 -0.0579689 -0.553316 0.825424 6.30727 149 
14 12.218 -9.41299 0.278159 -0.0160116 0.99274 0.0400275 1.69508 403 
15 11.0616 32.062 -1.68879 0.0956975 -0.355335 0.924155 2.4248 112 
16 -0.700768 -2.33374 -0.400142 0.0315382 0.789076 -0.606609 0.659472 308 
17 11.9368 25.7889 -1.54672 -0.248153 -0.338036 0.880193 2.44071 105 
18 -1.43818 -2.36013 -0.272245 -0.0805914 0.926793 0.12028 0.774934 840 
19 1.09057 -2.25552 -0.467794 0.0215806 0.536674 0.632644 0.368866 123 
20 0.825973 -2.28731 -0.344306 -0.0386059 0.841002 -0.519171 0.229486 103 
21 2.30116 -2.37838 0.290886 0.00748778 0.817324 0.543788 0.395976 227 
22 2.25073 -2.28634 -0.42179 0.0123392 0.91834 0.377872 0.252695 197 
23 -1.38085 -2.34439 0.0775894 -0.0743034 0.95362 0.134042 0.786386 1338 
24 -13.6751 -3.80112 -0.173004 0.915223 0.0710987 -0.396045 0.764091 101 
25 -7.71057 -6.74481 0.220013 -0.157155 0.953676 0.115298 0.625662 124 
26 2.99521 -2.36096 -0.000955148 0.215393 0.884784 0.399908 0.27578 135 
27 -1.41414 -2.37008 0.301433 -0.0669884 0.876557 -0.451461 0.501531 209 
28 2.12512 -2.34349 0.115801 -0.061924 0.95022 0.201761 0.174814 203 
29 0.782582 -2.35733 -0.141813 -0.0347262 0.730169 0.667739 0.218229 164 
30 -13.6609 -3.8259 0.226747 0.988266 0.0540845 0.0289713 1.01475 272 
31 1.53657 -2.28985 0.117228 -0.0536866 0.92016 -0.189169 0.243299 313 
32 0.960289 -2.35119 -0.429994 -0.0288924 0.995059 0.080158 0.310551 117 
33 -0.499634 -2.34174 0.106161 0.0525857 0.97347 0.193477 0.207455 180 
34 -0.0188786 -2.34512 0.134912 -0.0342558 0.924566 -0.293849 0.202921 184 
35 1.33989 -2.2652 -0.317762 0.00307654 0.544734 0.801285 0.258064 179 
36 -0.925027 -2.34524 -0.097513 0.018747 0.941791 -0.276817 0.455143 101 

