0 -5.41086 30.3741 -0.297875 0.00165826 -0.995085 0.0329781 5.72713 1262 
1 -59.7568 29.8136 0.139797 0.998971 0.00968898 0.0232081 3.02956 208 
2 -10.9699 -28.6565 0.658054 -0.00936227 0.998276 0.0271634 2.30446 233 
3 17.6653 28.2905 0.135695 -0.0051049 -0.998231 0.0444922 1.5328 146 
4 16.5893 30.2237 0.16527 -0.999803 0.00375205 -0.000217268 2.32484 157 
5 -52.3184 53.169 0.921488 0.999076 0.00163848 0.019157 3.30844 141 
6 -38.7739 34.1137 0.429031 0.99875 0.00192067 0.00552668 4.05095 292 
7 27.7552 -11.0827 0.464773 -0.0172627 0.999353 0.016354 2.911 119 
8 -45.7481 27.7498 0.0312245 0.0343958 -0.994614 0.0013232 7.05164 518 
9 -28.4863 -11.4186 0.0830322 0.0390933 0.997414 -0.0226982 3.05733 132 
10 0.338662 -11.1649 -0.260645 -0.0798976 0.94107 0.256329 0.829012 265 
11 -36.5934 56.3609 0.382426 0.998743 -0.00425431 0.0295345 5.8186 169 
12 -16.9871 -11.3585 0.103903 0.0346834 0.991002 -0.00147172 1.60698 234 
13 21.9739 28.2311 0.434561 -0.0198403 -0.993108 0.0066861 2.14787 132 
14 -10.3873 -11.2727 0.0854025 -0.00191341 0.997318 0.00842915 3.2403 757 
15 2.92411 -12.5513 0.297629 -0.999813 -0.00933646 -0.0117112 1.37056 135 
16 13.4542 -11.146 0.241045 -0.0456099 0.985741 0.0257378 2.4081 270 
17 -13.7124 -21.6986 0.372165 0.997884 0.00694063 0.0194449 6.31595 567 
18 53.7386 22.3811 0.639077 -0.0636209 -0.979044 -0.124656 14.227 381 
19 4.71311 -11.0848 0.239628 -0.0264978 0.379423 0.916735 0.995127 116 
20 21.4039 -11.8316 0.575595 0.00730848 0.997484 0.0349191 2.35968 196 
21 11.4617 -2.83297 -0.384194 -0.0717439 0.913275 0.396105 0.997163 103 
22 -21.3276 -12.0923 0.117927 -0.00646288 0.995362 0.015378 2.44907 231 
23 11.1353 -11.9641 0.261947 0.0621254 0.993046 -0.013331 0.741103 126 
24 6.9043 -11.972 0.278288 0.112015 0.972948 0.0357196 0.705584 167 
25 2.1144 25.0862 -1.35495 0.174217 -0.215499 0.833234 1.59396 100 
26 8.91469 -11.8563 0.167472 0.0042048 0.99682 0.00463768 1.63557 568 
27 13.3976 -7.27667 -0.306201 -0.0742101 0.516298 0.839269 1.73006 114 
28 -8.09496 -7.54747 0.139359 -0.0744708 0.990891 -0.0873882 0.895556 136 
29 5.33336 -9.70036 -0.257612 0.106422 0.98569 0.0963756 0.46127 104 
30 4.58745 -9.78687 0.0195396 -0.0163288 0.640696 0.76706 1.14699 112 
31 5.61414 -11.1685 0.470156 0.011532 0.99778 0.0260143 0.532695 117 
32 -1.7387 22.9961 -1.3848 -0.0198368 -0.728812 0.678966 1.52446 111 
33 -9.05255 2.51483 -0.215012 -0.0601672 -0.289792 0.0260513 0.793105 108 
34 3.99694 -9.71139 -0.261819 -0.00308422 0.992641 0.0227887 0.886044 283 
35 -9.14815 23.4904 -1.41018 -0.0157814 -0.967447 0.206088 1.28242 113 
36 -21.01 57.4562 0.22916 -0.745469 -0.660517 0.0112812 3.03305 104 
37 -3.31682 2.96035 -0.37475 -0.459884 -0.78844 0.11085 0.584878 166 

